Age	Average_Dev	Python_Dev	Js_Dev
18	13750.0	15396.0	14065.0
19	14506.0	15699.0	14784.0
20	16032.0	18444.0	17004.0
21	19218.0	20628.0	19794.0
22	23751.0	30000.0	24024.0
23	29392.5	36060.0	27492.0
24	33367.0	41244.0	34368.0
25	37810.0	45000.0	36664.0
26	41688.0	48108.0	42660.0
27	46016.0	53460.0	46000.0
28	49092.0	57287.0	49174.0
29	52932.0	63016.0	53437.0
30	55832.0	65568.0	56151.0
31	62930.0	69728.0	62152.0
32	64984.0	70658.0	67212.0
33	68000.0	71364.0	68748.0
34	69891.0	76753.0	69492.0
35	74232.0	83640.0	74474.0
36	77022.0	85051.0	78372.0
37	78057.5	84000.0	78754.0
38	79396.0	78812.0	80202.0
39	80178.5	85051.0	81030.0
40	83640.0	87038.5	85000.0
